MY_ACCOUNT_ID = 0.0.3833846
MY_PRIVATE_KEY = 302e020100300506032b6570042204208e2682a5c1d2b090deb3bc4ee00b64e4d6326de56a1e8afae8efab4f2b7a61b6

ACCOUNT_ID_1 = 0.0.3904659
PUBLIC_KEY_1 = 302a300506032b657003210014b195792812276ec7f80abd730c91f0106204ad98be880e3f59abdccf6f4412
PRIVATE_KEY_1 = 302e020100300506032b6570042204209793807b508cf2513c4ef55e993355e891b09aa0ae25388133acff9dbb8df3c8


ACCOUNT_ID_2 = 0.0.3904660
PUBLIC_KEY_2 = 302a300506032b6570032100e991aac5b6a8a6f8f531306fe4b71af8332871b03277cfc890be95da5e2c066d
PRIVATE_KEY_2 = 302e020100300506032b65700422042017f7ff96a5e8d8d7db194a430cc4f8be24db55b60a86673e83e5950d51709fda


ACCOUNT_ID_3 = 0.0.3904661
PUBLIC_KEY_3 = 302a300506032b6570032100421462d3f7685d0e09987920e0752a3d3dea82ad7683600ff5d14ae1cdf515c1
PRIVATE_KEY_3 = 302e020100300506032b657004220420018d9c13fb10b914933ccef14a5a921fce038d21efb6e61631c012cbe6d53676


ACCOUNT_ID_4 = 0.0.3904662
PUBLIC_KEY_4 = 302a300506032b6570032100150bdff126fbbd2e8e18607d85e18f884223f0a729a3318b04d64bc0ecb878c2
PRIVATE_KEY_4 = 302e020100300506032b65700422042089cb076ec921bb8f2ad5641b224b20774fb3c4cbe7ad9354d2c4d7d95206deef


ACCOUNT_ID_5 = 0.0.3904663
PUBLIC_KEY_5 = 302a300506032b6570032100f2c5488d75b3df8604c08764f2796e678bf958b749c963eb2b62b0532b905f1e
PRIVATE_KEY_5 = 302e020100300506032b65700422042083d2315cc0da0868595fdab07ca0f1269e7e55155b500b8e6c8d3622512265c6